0 0.184103 0.138379 0.308424 0.131498
0 0.511549 0.142966 0.235054 0.128440
0 0.814538 0.150229 0.237772 0.113914
0 0.817935 0.331040 0.244565 0.107034
0 0.495924 0.339450 0.288043 0.096330
0 0.176630 0.332569 0.271739 0.120795
0 0.173913 0.525994 0.293478 0.110092
0 0.505435 0.509174 0.279891 0.151376
0 0.819293 0.513379 0.290761 0.107798
0 0.826087 0.689220 0.244565 0.130734
0 0.495924 0.692278 0.298913 0.121560
0 0.163043 0.689220 0.293478 0.106269
0 0.168478 0.881116 0.282609 0.112385
0 0.476902 0.876147 0.250000 0.131498
0 0.816576 0.874235 0.290761 0.113914
